#  HashMatrix Matrix (COO) 0x7fe16a73a680
#    n       m        nnz     half     fortran   state  
753 753 14175 0 0 3 3 
         0         0 1
         1         0 0
         2         0 0
        12         0 0
        13         0 0
        14         0 0
       261         0 0
       262         0 0
       263         0 0
       714         0 0
       715         0 0
       716         0 0
         0         1 0
         1         1 1
         2         1 0
        12         1 0
        13         1 0
        14         1 0
       261         1 0
       262         1 0
       263         1 0
       714         1 0
       715         1 0
       716         1 0
         0         2 0
         1         2 0
         2         2 1
        12         2 0
        13         2 0
        14         2 0
       261         2 0
       262         2 0
       263         2 0
       714         2 0
       715         2 0
       716         2 0
         3         3 56746.964184134332754
         4         3 5696.6145833333348492
         5         3 -5696.6145833333339397
       126         3 -15862.848173653779668
       127         3 4170.2113061378040584
       128         3 -1526.4032771954960026
       129         3 -15862.848173653921549
       130         3 1526.4032771955289718
       131         3 -4170.2113061378395287
       720         3 -25021.267836826616985
       721         3 5696.6145833333339397
       722         3 -5696.6145833333330302
         3         4 5696.6145833333348492
         4         4 2192.2943631944981462
         5         4 -32.563269913504271358
       126         4 -4170.2113061378058774
       127         4 460.9313111614352465
       128         4 -10.302566432136934793
       129         4 4170.2113061378040584
       130         4 521.69520005032802601
       131         4 -17.898052543247693791
       720         4 -5696.6145833333330302
       721         4 995.29043173156037483
       722         4 60.763888888888892836
         3         5 -5696.6145833333339397
         4         5 -32.563269913504271358
         5         5 2192.2943631944981462
       126         5 -4170.2113061378395287
       127         5 -17.898052543248049062
       128         5 521.69520005032404697
       129         5 4170.2113061378368002
       130         5 -10.302566432136579522
       131         5 460.93131116143899817
       720         5 5696.6145833333357587
       721         5 60.763888888888885731
       722         5 995.29043173156082958
         6         6 56746.964184134194511
         7         6 5696.6145833333330302
         8         6 5696.6145833333330302
       135         6 -15862.848173652735568
       136         6 1526.4032771955792214
       137         6 4170.2113061377158374
       138         6 -15862.848173652899277
       139         6 4170.2113061377549457
       140         6 1526.4032771956181023
       711         6 -25021.267836828548752
       712         6 5696.6145833333321207
       713         6 5696.6145833333321207
         6         7 5696.6145833333330302
         7         7 2192.2943631944544904
         8         7 32.563269913506104558
       135         7 4170.2113061377540362
       136         7 521.69520005031472465
       137         7 17.898052543247153778
       138         7 -4170.2113061377531267
       139         7 460.93131116143058534
       140         7 10.302566432135638053
       711         7 -5696.6145833333348492
       712         7 995.2904317315355911
       713         7 -60.763888888888885731
         6         8 5696.6145833333330302
         7         8 32.563269913506104558
         8         8 2192.2943631944535809
       135         8 -4170.2113061377158374
       136         8 10.302566432136041286
       137         8 460.93131116142615156
       138         8 4170.2113061377158374
       139         8 17.898052543246745216
       140         8 521.69520005031972687
       711         8 -5696.6145833333339397
       712         8 -60.763888888888885731
       713         8 995.29043173153525004
         9         9 1
        10         9 0
        11         9 0
       252         9 0
       253         9 0
       254         9 0
       255         9 0
       256         9 0
       257         9 0
       717         9 0
       718         9 0
       719         9 0
         9        10 0
        10        10 1
        11        10 0
       252        10 0
       253        10 0
       254        10 0
       255        10 0
       256        10 0
       257        10 0
       717        10 0
       718        10 0
       719        10 0
         9        11 0
        10        11 0
        11        11 1
       252        11 0
       253        11 0
       254        11 0
       255        11 0
       256        11 0
       257        11 0
       717        11 0
       718        11 0
       719        11 0
         0        12 0
         1        12 0
         2        12 0
        12        12 123361.95198535133386
        13        12 1.5347723092418164015e-12
        14        12 -11393.229166666667879
        15        12 -17054.713279159845115
        16        12 -4597.6526851034122956
        17        12 -2640.8168938424819316
       603        12 -28646.717794735006464
       604        12 -4170.2113061377531267
       605        12 -7223.0178605289311236
       714        12 -61797.672737803499331
       715        12 4597.6526851034104766
       716        12 -8752.4122728241854929
         0        13 0
         1        13 0
         2        13 0
        12        13 1.5347723092418164015e-12
        13        13 3276.6477598413221131
        14        13 -22.336127221375377871
        15        13 4597.6526851034104766
        16        13 508.61024371766370678
        17        13 -1.5845121454309090137
       603        13 4170.2113061377540362
       604        13 985.15801996674758811
       605        13 -58.757670407528031831
       714        13 -4597.6526851034104766
       715        13 887.05290613899865093
       716        13 64.780257231087347236
         0        14 0
         1        14 0
         2        14 0
        12        14 -11393.229166666667879
        13        14 -22.336127221375377871
        14        14 3307.7865218183897014
        15        14 -3055.7976894908515533
        16        14 6.0109739656802005925
        17        14 576.37401072580769323
       603        14 7223.0178605289293046
       604        14 -58.757670407528038936
       605        14 923.26834002067369056
       714        14 8752.4122728241873119
       715        14 64.780257231087347236
       716        14 789.27616821097194588
        12        15 -17054.713279159845115
        13        15 4597.6526851034104766
        14        15 -3055.7976894908515533
        15        15 118809.72022948839003
        16        15 1.9895196601282805204e-12
        17        15 -11393.229166666667879
        18        15 -19520.963390914384945
        19        15 -4906.5323641432896693
        20        15 -2801.7487603438880797
       264        15 -36692.091204994881991
       265        15 -4597.6526851034104766
       266        15 -8337.4314771758145071
       603        15 -45541.952354419263429
       604        15 4906.5323641432878503
       605        15 -8591.4804063227766164
        12        16 -4597.6526851034122956
        13        16 508.61024371766370678
        14        16 6.0109739656802005925
        15        16 1.9895196601282805204e-12
        16        16 3749.1937508213686669
        17        16 -6.6653265668956613865
        18        16 4906.5323641432878503
        19        16 541.45923690946835904
        20        16 -3.3011187214459116746
       264        16 4597.6526851034104766
       265        16 1156.2792085178996331
       266        16 -58.876917393894743213
       603        16 -4906.5323641432869408
       604        16 1102.0282592156843293
       605        16 62.832388716556117458
        12        17 -2640.8168938424819316
        13        17 -1.5845121454309090137
        14        17 576.37401072580769323
        15        17 -11393.229166666667879
        16        17 -6.6653265668956613865
        17        17 3757.2136692276726535
        18        17 -2894.86582298944586
        19        17 4.2943673896652008182
        20        17 611.4279924273441793
       264        17 8337.4314771758126881
       265        17 -58.876917393894736108
       266        17 1084.478403022864768
       603        17 8591.4804063227820734
       604        17 62.832388716556117458
       605        17 1028.0766237783964243
        15        18 -19520.963390914384945
        16        18 4906.5323641432878503
        17        18 -2894.86582298944586
        18        18 118407.67491643008543
        19        18 1.8189894035458564758e-12
        20        18 -11393.229166666667879
        21        18 -19697.876158937244327
        22        18 -4928.9328479701916876
        23        18 -2840.5475364461881327
       264        18 -40152.672827526061155
       265        18 4928.9328479701898686
       266        18 -8552.6816302204788371
       396        18 -39036.162539052369539
       397        18 -4906.5323641432869408
       398        18 -8498.3633436772197456
        15        19 -4906.5323641432896693
        16        19 541.45923690946824536
        17        19 4.2943673896652008182
        18        19 1.8189894035458564758e-12
        19        19 3903.2196728157955476
        20        19 -0.85618323956239095196
        21        19 4928.9328479701898686
        22        19 543.84344612565450916
        23        19 -3.7149723332037742907
       264        19 -4928.9328479701916876
       265        19 1183.4392275104130476
       266        19 60.903611643332766334
       396        19 4906.5323641432896693
       397        19 1187.836962853609748
       398        19 -60.626823460231790364
        15        20 -2801.7487603438880797
        16        20 -3.3011187214459116746
        17        20 611.4279924273441793
        18        20 -11393.229166666667879
        19        20 -0.85618323956239095196
        20        20 3903.8967564167701312
        21        20 -2856.0670468871462617
        22        20 3.8805137779073373139
        23        20 613.97556704424130203
       264        20 8552.6816302204824751
       265        20 60.90361164333277344
       266        20 1112.5389584783006285
       396        20 8498.3633436772215646
       397        20 -60.626823460231790364
       398        20 1117.9592718482851978
        18        21 -19697.876158937244327
        19        21 4928.9328479701898686
        20        21 -2856.0670468871462617
        21        21 118402.07358858620864
        22        21 2.7284841053187847137e-12
        23        21 -11393.229166666667879
        24        21 -19733.651778942272358
        25        21 -4933.4129447355717275
        26        21 -2848.3072916666674246
       267        21 -39395.589402941899607
       268        21 -4928.9328479701898686
       269        21 -8537.1621197795211629
       396        21 -39574.956247764799627
       397        21 4933.412944735568999
       398        21 -8544.921874999998181
        18        22 -4928.9328479701916876
        19        22 543.84344612565450916
        20        22 3.8805137779073373139
        21        22 2.7284841053187847137e-12
        22        22 3920.3001081640154553
        23        22 -0.13797630456617682171
        24        22 4933.412944735568999
        25        22 544.31989490249134178
        26        22 -3.79774305555555447
       267        22 4928.9328479701898686
       268        22 1192.8854537640299895
       269        22 -60.736323748751672724
       396        22 -4933.4129447355699085
       397        22 1192.0503689990871408
       398        22 60.791529330966071143
        18        23 -2840.5475364461872232
        19        23 -3.7149723332037742907
        20        23 613.97556704424130203
        21        23 -11393.22916666666606
        22        23 -0.13797630456617682171
        23        23 3920.3958862370327552
        24        23 -2848.3072916666665151
        25        23 3.79774305555555447
        26        23 614.48399011650826651
       267        23 8537.1621197795193439
       268        23 -60.736323748751672724
       269        23 1122.753188032170101
       396        23 8544.921875000001819
       397        23 60.791529330966071143
       398        23 1121.7906405253258981
        21        24 -19733.651778942272358
        22        24 4933.412944735568999
        23        24 -2848.3072916666669698
        24        24 118416.62433784583118
        25        24 1.8189894035458564758e-12
        26        24 -11393.229166666667879
        27        24 -19880.463139557286922
        28        24 -4950.3023839174238674
        29        24 -2749.5918028526189119
       267        24 -40216.711602998911985
       268        24 4950.3023839174229579
       269        24 -8643.6373638140485127
       408        24 -38585.797816347374464
       409        24 -4933.4129447355699085
       410        24 -8544.921874999998181
        21        25 -4933.4129447355717275
        22        25 544.31989490249122809
        23        25 3.79774305555555447
        24        25 1.8189894035458564758e-12
        25        25 3951.6093049164014701
        26        25 -1.2606397259767483376
        27        25 4950.3023839174229579
        28        25 546.10410942166834047
        29        25 -2.744777841539035812
       267        25 -4950.3023839174238674
       268        25 1204.7009865511056432
       269        25 60.869494869920643509
       408        25 4933.4129447355717275
       409        25 1208.7972612280602789
       410        25 -60.661820357960422712
        21        26 -2848.3072916666674246
        22        26 -3.79774305555555447
        23        26 614.48399011650826651
        24        26 -11393.229166666667879
        25        26 -1.2606397259767483376
        26        26 3951.2739440462983112
        27        26 -2947.0227804807145731
        28        26 4.8507082695720713517
        29        26 616.3675146971382901
       267        26 8643.6373638140503317
       268        26 60.86949486992065772
       269        26 1133.5593965902953641
       408        26 8544.921875
       409        26 -60.661820357960422712
       410        26 1139.8467115694875247
        24        27 -19880.463139557286922
        25        27 4950.3023839174229579
        26        27 -2947.0227804807154826
        27        27 118929.296187442058
        28        27 9.0949470177292823792e-13
        29        27 -11393.22916666666606
        30        27 -20958.333132533989556
        31        27 -5034.7495798268018916
        32        27 -2256.0143587824159113
       270        27 -33694.720228973281337
       271        27 -4950.3023839174220484
       272        27 -8446.2063861859533063
       408        27 -44395.779686377500184
       409        27 5034.7495798268000726
       410        27 -9137.2148078842510586
        24        28 -4950.3023839174238674
        25        28 546.10410942166834047
        26        28 4.8507082695720713517
        27        28 1.8189894035458564758e-12
        28        28 4076.7076895193176824
        29        28 -8.3995321280656867202
        30        28 5034.7495798268000726
        31        28 554.6813688276636185
        32        28 2.5200482285431231588
       270        28 4950.3023839174220484
       271        28 1273.968763484321471
       272        28 -60.306921960146780748
       408        28 -5034.7495798268000726
       409        28 1251.0523442050896392
       410        28 61.335697590097282728
        24        29 -2749.5918028526189119
        25        29 -2.744777841539035812
        26        29 616.3675146971382901
        27        29 -11393.22916666666606
        28        29 -8.3995321280656867202
        29        29 4075.0950382024120699
        30        29 -3440.6002245509171189
        31        29 10.115534339654235652
        32        29 624.83010096168595737
       270        29 8446.2063861859496683
       271        29 -60.306921960146802064
       272        29 1212.4216129558988087
       408        29 9137.2148078842528776
       409        29 61.335697590097282728
       410        29 1173.8000086409256255
        27        30 -20958.333132533989556
        28        30 5034.7495798268000726
        29        30 -3440.6002245509180284
        30        30 122997.96722343724105
        31        30 9.0949470177292823792e-13
        32        30 -11393.229166666667879
        33        30 -6944.2038537397547771
        34        30 -3485.1814094614269379
        35        30 -2848.3072916666674246
       270        30 -37424.740682160372671
       271        30 3485.1814094614264832
       272        30 -8544.921875
       696        30 -57670.689555003133137
       697        30 -5034.7495798268000726
       698        30 -7952.6289421157489414
        27        31 -5034.7495798268018916
        28        31 554.68136882766373219
        29        31 10.115534339654235652
        30        31 9.0949470177292823792e-13
        31        31 3324.8316609734079066
        32        31 15.328326462314223022
        33        31 3485.1814094614264832
        34        31 391.52820396135018655
        35        31 -3.79774305555555447
       270        31 -3485.1814094614269379
       271        31 1093.8988973107552738
       272        31 48.68494887773996993
       696        31 5034.7495798268028011
       697        31 843.82608703947789763
       698        31 -70.331066624152867917
        27        32 -2256.0143587824159113
        28        32 2.5200482285431231588
        29        32 624.83010096168595737
        30        32 -11393.229166666667879
        31        32 15.328326462314223022
        32        32 3348.5935444277874922
        33        32 -2848.3072916666669698
        34        32 3.79774305555555447
        35        32 453.53348940098987896
       270        32 8544.921875000001819
       271        32 48.68494887773996993
       272        32 997.80650569205442935
       696        32 7952.6289421157498509
       697        32 -70.331066624152867917
       698        32 784.00257763013723888
        30        33 -6944.2038537397547771
        31        33 3485.1814094614264832
        32        33 -2848.3072916666669698
        33        33 123591.68166426969401
        34        33 4.5474735088646411896e-13
        35        33 -11393.229166666667879
        36        33 -19733.651778942283272
        37        33 -4933.412944735572637
        38        33 -2848.3072916666674246
       273        33 -35667.465090591300395
       274        33 -3485.1814094614255737
       275        33 -8544.921875000001819
       696        33 -61246.360940996361023
       697        33 4933.412944735570818
       698        33 -8544.921875
        30        34 -3485.1814094614269379
        31        34 391.52820396135018655
        32        34 3.79774305555555447
        33        34 4.5474735088646411896e-13
        34        34 3375.6778047297202647
        35        34 -20.906145703744858366
        36        34 4933.412944735570818
        37        34 544.31989490249134178
        38        34 -3.79774305555555447
       273        34 3485.1814094614264832
       274        34 1119.9616529498541695
       275        34 -50.31081603701646543
       696        34 -4933.412944735570818
       697        34 882.4582091043323544
       698        34 71.216961740761320243
        30        35 -2848.3072916666678793
        31        35 -3.79774305555555447
        32        35 453.53348940098987896
        33        35 -11393.229166666667879
        34        35 -20.906145703744861919
        35        35 3405.1698694274905392
        36        35 -2848.3072916666669698
        37        35 3.79774305555555447
        38        35 614.48399011650849388
       273        35 8544.921875
       274        35 -50.31081603701646543
       275        35 1030.9721204997631503
       696        35 8544.921875000003638
       697        35 71.216961740761320243
       698        35 809.7862962029960272
        33        36 -19733.651778942283272
        34        36 4933.412944735570818
        35        36 -2848.3072916666669698
        36        36 118474.1752724040125
        37        36 1.7337242752546444535e-12
        38        36 -11393.229166666667879
        39        36 -18614.477138968828513
        40        36 -4784.2098491558726892
        41        36 -2589.8799494760714879
       273        36 -40731.007395358639769
       274        36 4784.2098491558717797
       275        36 -8803.3492171905963914
       420        36 -39395.038959134268225
       421        36 -4933.4129447355717275
       422        36 -8544.921875
        33        37 -4933.412944735572637
        34        37 544.31989490249134178
        35        37 3.79774305555555447
        36        37 1.7337242752546444535e-12
        37        37 3922.2352463408169569
        38        37 -0.8918793245221023902
        39        37 4784.2098491558717797
        40        37 528.38018228118596653
        41        37 -1.0411847388558690408
       273        37 -4784.2098491558735986
       274        37 1212.7706766583985427
       275        37 59.791089221233420403
       420        37 4933.4129447355735465
       421        37 1192.4134169204664886
       422        37 -61.655768213410993894
        33        38 -2848.3072916666674246
        34        38 -3.79774305555555447
        35        38 614.48399011650849388
        36        38 -11393.229166666667879
        37        38 -0.8918793245221023902
        38        38 3925.4532773471796645
        39        38 -3106.734633857261997
        40        38 6.5543013722552405653
        41        38 597.35092192723345761
       273        38 8803.3492171905982104
       274        38 59.791089221233420403
       275        38 1137.363874999624386
       420        38 8544.921875
       421        38 -61.655768213410993894
       422        38 1125.4673527128124988
        36        39 -18614.477138968835789
        37        39 4784.2098491558717797
        38        39 -3106.734633857261997
        39        39 118589.23427796570468
        40        39 7.3896444519050419331e-13
        41        39 -11393.229166666667879
        42        39 -19733.651778942308738
        43        39 -4933.4129447355753655
        44        39 -2848.3072916666674246
       276        39 -37041.63067362565198
       277        39 -4784.2098491558717797
       278        39 -8286.4945328094072465
       420        39 -43199.474686428911809
       421        39 4933.412944735574456
       422        39 -8544.921875
        36        40 -4784.2098491558726892
        37        40 528.38018228118596653
        38        40 6.5543013722552405653
        39        40 7.3896444519050419331e-13
        40        40 3810.4524954196908766
        41        40 -4.6238421736235064685
        42        40 4933.4129447355735465
        43        40 544.31989490249179653
        44        40 -3.7977430555555562464
       276        40 4784.2098491558717797
       277        40 1160.6535624415046186
       278        40 -59.87461442911299514
       420        40 -4933.4129447355735465
       421        40 1132.508638688937026
       422        40 61.741898286036814625
        36        41 -2589.8799494760714879
        37        41 -1.0411847388558690408
        38        41 597.35092192723345761
        39        41 -11393.229166666667879
        40        41 -4.6238421736235064685
        41        41 3813.8660522530999515
        42        41 -2848.3072916666669698
        43        41 3.7977430555555562464
        44        41 614.48399011650872126
       276        41 8286.4945328094036086
       277        41 -59.87461442911299514
       278        41 1091.5163129249576741
       420        41 8544.921875000001819
       421        41 61.741898286036828836
       422        41 1059.097496512009684
        39        42 -19733.651778942308738
        40        42 4933.4129447355735465
        41        42 -2848.3072916666669698
        42        42 118405.37634225643706
        43        42 1.5774048733874224126e-12
        44        42 -11393.229166666667879
        45        42 -19392.401573583523714
        46        42 -4890.8467712107667467
        47        42 -2844.2585886661918266
       276        42 -39326.806377767672529
       277        42 4890.8467712107649277
       278        42 -8548.9705780004769622
       432        42 -39952.516611962972092
       433        42 -4933.4129447355735465
       434        42 -8544.921874999998181
        39        43 -4933.4129447355753655
        40        43 544.31989490249179653
        41        43 3.7977430555555562464
        42        43 1.5774048733874224126e-12
        43        43 3908.1753750520829271
        44        43 0.48336308196723476449
        45        43 4890.8467712107649277
        46        43 539.79441260151418192
        47        43 -3.7545568902171462256
       276        43 -4890.8467712107667467
       277        43 1192.256078399071157
       278        43 60.500427283352522068
       432        43 4933.412944735574456
       433        43 1185.4021658299895989
       434        43 -61.026976530658160414
        39        44 -2848.3072916666674246
        40        44 -3.7977430555555562464
        41        44 614.48399011650872126
        42        44 -11393.229166666667879
        43        44 0.48336308196723476449
        44        44 3909.0817512482572056
        45        44 -2852.355994667142113
        46        44 3.8409292208939649349
        47        44 609.65709647875098653
       276        44 8548.9705780004769622
       277        44 60.500427283352514962
       278        44 1121.4382569859130854
       432        44 8544.921875
       433        44 -61.026976530658160414
       434        44 1115.2868319557201175
        42        45 -19392.401573583523714
        43        45 4890.8467712107649277
        44        45 -2852.355994667142113
        45        45 118405.8688103526074
        46        45 2.4087398742267396301e-12
        47        45 -11393.229166666667879
        48        45 -19733.651778942308738
        49        45 -4933.412944735576275
        50        45 -2848.3072916666678793
       279        45 -39270.22186949387833
       280        45 -4890.8467712107640182
       281        45 -8540.8731719995266758
       432        45 -40009.593588332892978
       433        45 4933.4129447355753655
       434        45 -8544.921875
        42        46 -4890.8467712107667467
        43        46 539.79441260151418192
        44        46 3.8409292208939649349
        45        46 2.4087398742267396301e-12
        46        46 3906.4227333116632508
        47        46 -0.5697386555504124761
        48        46 4933.412944735574456
        49        46 544.31989490249179653
        50        46 -3.7977430555555562464
       279        46 4890.8467712107640182
       280        46 1191.4367383731287191
       281        46 -60.500799892792542778
       432        46 -4933.412944735574456
       433        46 1184.4678679455623751
       434        46 61.027352383004554781
        42        47 -2844.2585886661918266
        43        47 -3.7545568902171462256
        44        47 609.65709647875098653
        45        47 -11393.229166666667879
        46        47 -0.5697386555504124761
        47        47 3907.3299737729175831
        48        47 -2848.3072916666669698
        49        47 3.7977430555555562464
        50        47 614.48399011650894863
       279        47 8540.8731719995248568
       280        47 -60.500799892792542778
       281        47 1120.7182208843832996
       432        47 8544.921875000001819
       433        47 61.027352383004554781
       434        47 1114.252365881799733
        45        48 -19733.651778942308738
        46        48 4933.412944735574456
        47        48 -2848.3072916666669698
        48        48 118406.6608782314288
        49        48 1.8189894035458564758e-12
        50        48 -11393.229166666667879
        51        48 -19346.193076311003097
        52        48 -4885.1000560245029192
        53        48 -2848.1760836990633834
       279        48 -39276.87176406547951
       280        48 4885.1000560245011002
       281        48 -8545.0530829676026769
       444        48 -40049.944258912626537
       445        48 -4933.412944735574456
       446        48 -8544.921874999998181
        45        49 -4933.412944735576275
        46        49 544.31989490249179653
        47        49 3.7977430555555562464
        48        49 1.8189894035458564758e-12
        49        49 3905.1133202757382605
        50        49 0.59658889498890488312
        51        49 4885.1000560245011002
        52        49 539.183579995823834
        53        49 -3.796343503901112193
       279        49 -4885.1000560245029192
       280        49 1191.5838024000313453
       281        49 60.464887779105040977
       444        49 4933.412944735576275
       445        49 1183.7409677125351664
       446        49 -61.062876225748397019
        45        50 -2848.3072916666674246
        46        50 -3.7977430555555562464
        47        50 614.48399011650894863
        48        50 -11393.229166666667879
        49        50 0.59658889498890488312
        50        50 3906.1422972175341783
        51        50 -2848.4384996342705563
        52        50 3.7991426072099976352
        53        50 609.00581572201576819
       279        50 8545.0530829676063149
       280        50 60.464887779105048082
       281        50 1120.7326729062392587
       444        50 8544.921875
       445        50 -61.062876225748404124
       446        50 1113.5767893243219078
        48        51 -19346.193076311003097
        49        51 4885.1000560245011002
        50        51 -2848.4384996342705563
        51        51 118406.67903475159255
        52        51 1.5347723092418164015e-12
        53        51 -11393.229166666667879
        54        51 -19733.651778942337842
        55        51 -4933.412944735578094
        56        51 -2848.3072916666674246
       282        51 -39275.035889206861611
       283        51 -4885.1000560245011002
       284        51 -8544.7906670323973231
       444        51 -40051.798290291400917
       445        51 4933.4129447355771845
       446        51 -8544.921875
        48        52 -4885.1000560245029192
        49        52 539.183579995823834
        50        52 3.7991426072099976352
        51        52 1.5347723092418164015e-12
        52        52 3905.0565239504676356
        53        52 -0.59938813384282374486
        54        52 4933.4129447355771845
        55        52 544.31989490249225128
        56        52 -3.79774305555555447
       282        52 4885.1000560245011002
       283        52 1191.5572546551811683
       284        52 -60.464901484575662494
       444        52 -4933.412944735578094
       445        52 1183.7106823495332719
       446        52 61.062890066764040853
        48        53 -2848.1760836990633834
        49        53 -3.796343503901112193
        50        53 609.00581572201576819
        51        53 -11393.229166666667879
        52        53 -0.59938813384282363383
        53        53 3906.0855327009794564
        54        53 -2848.3072916666665151
        55        53 3.79774305555555447
        56        53 614.483990116509176
       282        53 8544.7906670323955041
       283        53 -60.464901484575662494
       284        53 1120.7093414617722829
       444        53 8544.921875000001819
       445        53 61.062890066764040853
       446        53 1113.5432558522206818
        51        54 -19733.651778942337842
        52        54 4933.4129447355771845
        53        54 -2848.3072916666669698
        54        54 118406.70651207587798
        55        54 9.0949470177292823792e-13
        56        54 -11393.229166666667879
        57        54 -19344.695747765224951
        58        54 -4884.9138198842038037
        59        54 -2848.3030395565956496
       282        54 -39275.253358248592122
       283        54 4884.9138198842019847
       284        54 -8544.9261271100695012
       456        54 -40053.105627119744895
       457        54 -4933.4129447355771845
       458        54 -8544.921874999998181
        51        55 -4933.412944735578094
        52        55 544.31989490249225128
        53        55 3.79774305555555447
        54        55 9.0949470177292823792e-13
        55        55 3905.0140934739351906
        56        55 0.6002596642428805751
        57        55 4884.9138198842019847
        58        55 539.16378432566216361
        59        55 -3.7976976997147904314
       282        55 -4884.9138198842038037
       283        55 1191.5620160382184167
       284        55 60.463736154805133083
       456        55 4933.412944735578094
       457        55 1183.6871259422000549
       458        55 -61.064041174888771479
        51        56 -2848.3072916666674246
        52        56 -3.79774305555555447
        53        56 614.483990116509176
        54        56 -11393.229166666667879
        55        56 0.6002596642428805751
        56        56 3906.047045809748397
        57        56 -2848.3115437767373805
        58        56 3.7977884113963193968
        59        56 608.98470893160924788
       282        56 8544.9261271100731392
       283        56 60.463736154805133083
       284        56 1120.7098069786009091
       456        56 8544.921875000001819
       457        56 -61.06404117488878569
       458        56 1113.5213628460398922
        54        57 -19344.695747765224951
        55        57 4884.9138198842019847
        56        57 -2848.31154377673829
        57        57 118406.70710279443301
        58        57 1.8189894035458564758e-12
        59        57 -11393.229166666667879
        60        57 -19733.651778942283272
        61        57 -4933.412944735572637
        62        57 -2848.3072916666674246
       285        57 -39275.193860080020386
       286        57 -4884.9138198842019847
       287        57 -8544.9176228899304988
       456        57 -40053.165716006915318
       457        57 4933.412944735570818
       458        57 -8544.921875
        54        58 -4884.9138198842038037
        55        58 539.16378432566216361
        56        58 3.7977884113963193968
        57        58 1.8189894035458564758e-12
        58        58 3905.0122528546471585
        59        58 -0.60035038035110588339
        60        58 4933.412944735570818
        61        58 544.31989490249134178
        62        58 -3.79774305555555447
       285        58 4884.9138198842019847
       286        58 1191.561155699821029
       287        58 -60.46373660067598621
       456        58 -4933.412944735570818
       457        58 1183.6861444645387564
       458        58 61.064041625186320061
        54        59 -2848.3030395565956496
        55        59 -3.7976976997147904314
        56        59 608.98470893160936157
        57        59 -11393.229166666667879
        58        59 -0.60035038035110588339
        59        59 3906.0452062252916221
        60        59 -2848.3072916666669698
        61        59 3.79774305555555447
        62        59 614.48399011650849388
       285        59 8544.9176228899286798
       286        59 -60.463736600676000421
       287        59 1120.7090508701840008
       456        59 8544.921875000001819
       457        59 61.064041625186334272
       458        59 1113.5202761035666299
        57        60 -19733.651778942283272
        58        60 4933.412944735570818
        59        60 -2848.3072916666669698
        60        60 118536.6491233833658
        61        60 1.8189894035458564758e-12
        62        60 -11393.229166666667879
        63        60 -17499.017274711561186
        64        60 -4657.2755141359775735
        65        60 -2773.4964701427611544
       285        60 -38973.263887598477595
       286        60 4657.2755141359757545
       287        60 -8619.7326965239044512
       468        60 -42330.7161821310292
       469        60 -4933.412944735570818
       470        60 -8544.921875
        57        61 -4933.412944735572637
        58        61 544.31989490249134178
        59        61 3.79774305555555447
        60        61 1.8189894035458564758e-12
        61        61 3833.7098681837146614
        62        61 2.6997697801717635002
        63        61 4657.2755141359757545
        64        61 514.98281650816852562
        65        61 -2.9997609593005538642
       285        61 -4657.2755141359775735
       286        61 1188.0424171642321198
       287        61 58.992343534282966289
       468        61 4933.4129447355735465
       469        61 1144.3553833538981053
       470        61 -62.490095410709741941
        57        62 -2848.3072916666674246
        58        62 -3.79774305555555447
        59        62 614.48399011650849388
        60        62 -11393.229166666667879
        61        62 2.6997697801717635002
        62        62 3839.5056308393495783
        63        62 -2923.1181131905723305
        64        62 4.5957251518105586285
        65        62 583.22866343247108034
       285        62 8619.7326965239099081
       286        62 58.992343534282966289
       287        62 1113.1115641159876759
       468        62 8544.921875
       469        62 -62.490095410709741941
       470        62 1075.0805316081882665
        60        63 -17499.017274711557548
        61        63 4657.2755141359757545
        62        63 -2923.1181131905723305
        63        63 118586.9296399387822
        64        63 1.8189894035458564758e-12
        65        63 -11393.22916666666606
        66        63 -17777.842683475835656
        67        63 -4692.041022189879186
        68        63 -2848.3072916666674246
       288        63 -40818.184522694347834
       289        63 -4657.2755141359757545
       290        63 -8470.1110534760937298
       468        63 -42491.885159057041164
       469        63 4692.0410221898773671
       470        63 -8544.921874999998181
        60        64 -4657.2755141359775735
        61        64 514.98281650816852562
        62        64 4.5957251518105586285
        63        64 1.8189894035458564758e-12
        64        64 3708.9049050755447752
        65        64 -1.2499064691395780358
        66        64 4692.0410221898773671
        67        64 518.67884752023371675
        68        64 -3.7977430555555553582
       288        64 4657.275514135976664
       289        64 1122.6913331198043124
       290        64 -60.540933640702959906
       468        64 -4692.0410221898782765
       469        64 1115.9203730945464486
       470        64 60.992858013587536448
        60        65 -2773.4964701427611544
        61        65 -2.9997609593005538642
        62        65 583.22866343247096665
        63        65 -11393.22916666666606
        64        65 -1.2499064691395780358
        65        65 3720.2684377714094808
        66        65 -2848.3072916666665151
        67        65 3.7977430555555553582
        68        65 587.17066900077190894
       288        65 8470.1110534760919109
       289        65 -60.540933640702945695
       290        65 1049.3768955862833536
       468        65 8544.921875000001819
       469        65 60.992858013587536448
       470        65 1041.1336095273620685
        63        66 -17777.842683475835656
        64        66 4692.0410221898773671
        65        66 -2848.3072916666665151
        66        66 118616.38799807424948
